$ANSIBLE_VAULT;1.1;AES256
39323266326234333862363466613535633663613839633362656231396562646531343730373032
3262386238383762636134356535316232336538663464620a656465363261363630633234633731
33316661633166323235353232373035336139386265316633643730643463356231376439373263
3762376139303539620a346630636365646538353937636230356533316665636361623137383435
33653431613330623363633136626463393264326566363435653438623134613236366663386430
63303364386165656238386531633938636661303135616230366463653165623461346564333665
61353330373861613334353936366337363135613032353134653733363234386339346335626230
63323931663833333432643832313765393037356432633063353865393032366231353131316466
61313139313435316538363634313937313439343966346564363436373062633932386233303163
66396366383537636233656135653361613332386233613865653439353335393337653532643337
63323837623565333135376239623966663664666137313463363761633066366638613639646362
31633235656632373530336534376434636466373564386335633533336163333630356437656332
30666166663363616631383639616239643139353634643164356532323262666336373232386633
65303461326330343039343830363466303831376362396265303230393430613330663466613365
38656135353633303731336635616533363066343137386161643861393562666431336438626464
32373130383430316636363030303434373937343635363634643430656532333232346538303039
61363466343333396564373137353632653166646435366637633364303631393637653663353461
33353366636431386539626539393936616339313066303264303530353361333733396164326535
36383233633336636462373639383862636437306132333765613264396131373233653462306338
34396165373435343137643862373235663534373462383338303965363631663934646137303764
32333464646131383437623364636165313036396537346534326637336135386532373361383730
63373166323131663930633538653934663238316437653431323465323864343839386263326636
37366361366235323936653162363361323738346230313434396537333163616462333035656532
37303164303164643232663431633537646638663033636366383939313730373430363563626438
36663036393738333361353361643263653734363939623538626639303764363935633863666231
64383030393438383465353965333539313232353833626536393436323061343139643238393666
65306365363435316430346438346565373635303763333362653261336465386166333731383635
64323935306465383034643831316261636364393339633037376438616166376563313131333038
34316434623731373437663164623337333838336434626339626165613566303139396432363538
38386632303635393536323134396364316264646234623963333737636139616532373237643339
62353737303564663131383932346234353137393738383462303066623139386630376665316665
65333733333430313833346337343836383835316335343134623134363038646534373861653632
66353861356663313863396235616461303230356364353837393738363861356363616639333261
30313264343233303264636534653563366364346333316130393339303232363333656234353731
64616165303438343965613031383337653238303335386466383937323139636533353333633035
38313137373663383962643762393932326463616635383738653137303864373766373036366334
30666539333236366131623863343665643831316437363039653466643230633962346333643134
31653964316637376461613032333536356139643565646466666366303863643865663966313931
66623765386532366233636337616164636365333036643230616137373565666339366633636465
63323739313861376439313164653931303661656366363531323762336634636331353737373664
65396564633630663266646465336161613332343938633666333665363065356533353439653530
31393735643039646131623365643435333837373066396562343332333239336139636665383836
34666465333462363931343438653032396136623338613364386464373833623364346663343930
61326166336538633832363932383863616263663530313435633039623639313736376439353066
63666362323430633137633161303034623833643534653035366531386530353762323462383039
35643761613231643834353535326536343564323330663963613036343765616136393162333138
33323737383936633065626438326664656137383138383162623964386638353035383834336366
64613262636637363762316139323366653936333737666664303435643431393238363464623835
63346538633936373135663762353363323161303231636563376131663365383833353337653734
37356131616166363865383864633938663932643166343664626135373030353831386638656532
31323866396665326230353437646536663464373637626237386661343066393261326634353333
31363161383738396661353561636262313838346635616165303634613430336566343336393235
31376138633634633134313539343036646631626132323439643337316235616533313438383031
34333632336235373865386266373866613263393636636165333432386231396361323238333638
66353937656361626432393466313131386335623365656364623039633836386330656338616464
30623963613631353336356465613766626235633036626536633137393335393936333661376136
63633865356331323663656366343530646162393232313637383231613838633566613930626434
65396537633863666438623734636361623938663766393831666365343836306334343733366636
31653130376662333336663033346266396436613634633961363461616230383363333236393932
65383539643033666265303361376238343435663566333234636462366361653537393932373864
32376633383831373833356337623133326130373035393131393566363462613566346234653536
36306163366234303633393933643438383466303436313332633131376166383262643335616262
38336263386333386433663932613561363138333562643331366264393733313163646436376464
31373134323431633362386365303565643863346362636362393466343539663065333731616238
34653239333432386435643237313239393962356563353831393932336330623263386333366138
65656637363530313139646636656430303561643837316564653261623236653135663339613632
34303235633631353030323336623536646162306363326162616536666664346166313566653334
66646264383161306565346236333464313361366365333236363534373439323739613737386235
31666164656361316633393933623030316536643465643838333838666164333563343064653837
36316639363133373232316262366136316139313031393139363836323135363665353531363962
63326165353430373763653336623837303865376239343535623030343266366533343731346366
63376634366332353962353635663564623437383739303766653330376633636263353862353434
32373063643761633430336430616366306162663664396533333562643662616530613332343563
65303566653132646637616534343731333362623966623031306663333862323833366536616330
31313238646137626434663662376233363834326235366633303165306263313131633633393237
34643762653362356363326664663430386164353331663938616432336636663337333138336637
63646139633261316432613963663931616638386137376530656631346661353934333762633064
36386534333136666333383931373832616462386135343561393763356662373966323031343563
34343462633131633665393231363063636636616439356230633332353031353238323936396533
34323063316633613436633032343761373136653636386639666666356636623034393566343161
36626532363536633461663164363332646635653832656164386230336233343335623036323566
64383766653332333765663132633638306139656366393636656264386134326131613830383630
37313064363630663632393530356435613835633730383136653766306562346336656638396631
38323135373038363461646366623365376661623032383961646335653931656666303561306662
38323461323864636538386166653234316364663434343736386264396638326136663033386261
37666262646530393731353136663432363264353166613665663633323135323962326262373634
34343364383165306161616238333734323865356630313837343534363864633138336265656236
35316339333062336130363831643963346637646532326663663261666531316134633131656330
34616237333033353233333231396232323261336666313336346263383339343631353037323138
31626465323163373862663030333936636331366337303463626464326331333334653733666663
34393062393564333764376133663932323836353633366130373438646630646662353466656635
37353765373764393465356237643033313266643737653061666437623234653938386564343337
33313030383365396231616239376466636564373936306564323738303332636238653534343837
63633938646434336137386165633432663936383662323563646332393939653931323534643263
61636138613737323734623838323239636134633730616361366139623237386562353437346563
35653735383563363566353335613635376339353738353165636565663763633030356632643236
30313363636561383864666561366135356332653931663733383537326537366464323066383064
39616265323334383233623339306234356463343063323066313331623830646265633130646234
32326438633837656233333232643038386231633738343730376163363636623961386237666235
38613336336335653430643531376365373935383531353766363235633335303832343739613862
65376364373763636337393032663431306339366630636166333730303166663461316561626633
33383338653231333539303163396361303535643930663563323465393361326330633166643635
64303135653830336331303534376361643237323930386537363536373133363230653962623130
63656432633335653033323838383939626137343235323238323362353361623935346139656565
65303835323435643331316561613538626632303737663637343233303733646664363739313734
66303163653338626231626433623230323639363731663530373232653039323737366564313336
36366263303131306365646134373533373938313262636664363238343562613432666561396331
30353731326437306131316336393062346132306162383034303331613832626138623264626538
65323036313363303661323433383636396139313135346337623863366237323639323364653966
37616435646132376430306663643534663839373037346437303339393661666364333633366539
62363631303137363664633565393439316531623461366136616133356564626432643031346432
63346666333232363337316138333731303162376437633863613263666438623235363461383734
39666661316238613632333262373234316239353037626236393539383139353663643733343866
37623738613365323036346233656334303835323733396537636566333535386336373431393830
33613266323266353630646135623038626233666362376635663635613733666364346366333464
33336161323761663030626338393165373036643261323063363132303433373463313464346163
62656135613132353438323538373762356431393262626135353139636361366463383061343564
61313538666338623236393339363463666335393034363830393563396465646231343335663932
36633530643333656466366632393937333934363432306430373233623464636464303032623464
39373966616130343439616462663733346262663336353231353437356238636133653264313361
64663863353539303135613033636633663332316665366237633838366430626164636334623031
31366430616231663437613965643137646263386339393534363662393163656134333033393430
37626235656535653966323066323766306363633732636365626137313561396135646632393232
32356462383834313530393561373636393263316663383264343536373430326336373034623765
33643133363332393962353532356533376131646466396366316634393831663962613833376664
65303733613163316432656430663635343131383331306239393166373130323738376434353238
38616635616465663637653730376164643636663465623465643738623962396234653836323031
31613731636535376439626635666535626361336265343738376438666262396634356265333732
30303834333461333731643834663132393065646537623639313936646464363235346362363633
36393465313037633439376230316433353338383864333538373530326165646565383631623239
32643039643637356430366438663361353864343435303132633136346235376430323735623262
35303362613866366131393637333430643264396635383733363935396230643762363030303934
66633562376261343133656637343035363866656361326335373336613034386433393733623433
39623666346634373931636433623935363238336131653638343237316231626230306238643336
33623030333533643765636666383337633333666136346239353332653465356136393432663338
66366366323636653864623335636132333932346362633033313136643134386261663562313666
36653336303066623361333163623335643365636332333537626433636564376337316439613633
34313633373166666333653861663438616631356163656536636232613033626664633464343366
31333763336463646233323138363266336438313837646638613437376639363538306131613538
34303166313135653430313332353836366365666636663432653238323732353864623931313864
33333262323533363533313762633065323965653165356264396263613034326637386335643739
32623361313532306366613632653165623366396465393163313337313531316633333233643731
33363137613435323535656132653266666637663761353738333031333031356466663139306564
30663036633866623834653336333337303936663239363762343463363736623536313936663966
64336266656566303330666464336134326632653834396632663434663137363434363439623362
64626339393265613365353936653131613430393437633461393136663131626432316462653839
62336237336136653138366439386361343663633264636565373566393531373161643362396663
63346237393265383966623135323031353862616463393038613661386432393333306162313132
62653863323436303333623863303430663862616566303461646362393263643531646166623762
33663963346531613062386334633461386237346361356166616565326565363762656566313231
31373239303462663062353961366339383533316133346537396436316561326237666332376636
66633735373337646562386539663766666437303235356136386530623561343233363630636536
37333732343264396334356633303464356435376561313937636364366264653734303462386639
37333064303261346361303665373431383462613630333263323635336437353863346334623432
36323631633364623032313863323734643938643336303561663437633536663538356565383366
34616366323634393330346564336562633531613133613265623734316130653563653237316466
63353236346438316538363963666538346461376266346131376330393535326665323830356137
66363331653632646435613436306333313664343135616562616533613364666131336135396430
36613332366437326135306636633033326438386433363134383337353332313964643665643130
30333339386136653361653833643433636230366237616139623133393365373437333034613832
32613031306364663861656230626464613537616534383264376562386365666333333262643963
39333335663639363563653635613966383736633462366161663964653562663531623534326362
64316230333265636437663732623464396631323661373461306433346465653936633937336165
63353363393238613839666366356139346664636631333263366532373531663034626331373865
61383430376564643330653963646631333430366237326163646137313863393939333138306666
38623936363230646664303139353566356463353731636262343735633633323539306166323132
37373637623163356537623035303131396132363139653166363131333237393037303963633234
32373037343831303465336232316534353765306236336133306237386665626537336331373134
62666636303936666533663035646630626430633165343039663066636161393963643630323465
31396431323137643366343465643162383037373832376464653863393464393964306364303362
61353837343861326631353832383036663466666332343833303936363031316534323631653563
34633036333866623864623031363935653661643338393765383663326664346161303437393361
34376630643132666637366136346162656230666338343239303830663730623734393863656538
34323632633030643532656462373865323434326236666264626463346135313931346662366233
39626539343433613737333562316665343464333334363263613064393236646134666665353266
32343336653764356235616439623735396562356334366539623033653264636334346139396465
34616134323430663636386239663763333864373165623132393963386332383264613137343238
38653138646665326538343038363934353136393935323539396163323336666330343532396264
34393931653833623531383739613864653833643038363435663036646365633661376234643434
35613638333934353938613361333933303964383063363430323035326230346661336664353961
63373735373965613961396333333936303339356263313761373835383235663533393164333565
32363335636639386466613232613435323336663934663866313761336566653432333135333039
37353931333062643633356565376333626236616364613665633863373238376661613632383464
36376436306231656265376362343335323630643362373836393233623162376334666564303164
62386261626131616665623635636239366537633864643135343230623962613032626662663239
34316533616565613636383339653764313263396630373135383137343534383763613730633733
32306631653064306263363932333835653733393637653863343331636338373337643530323464
34366630643964653462313334613635623533373236333063343939306236363231646334623463
33336333303561313561616566383530663232383064633936343061623134393031386431333935
62643162643064633033363030343630373263346535346133636130636633623139663930356236
61323231623737353838643135353736336438613236663632656438636232656265656566376533
34356132646538333733626635326366383261353539613538386134363730306363353964353537
62306164343966363237383561393138313538626632636666366163386561383464363731623931
35323137643937373136306563653630383239643838343636303532363839373963643033373533
33653165393237373138346264303739303864666664643162373133373661663630323435313136
30643630343263646134303863306465666666363831653134666362666337383932646662313337
63313862306536656636343463663037623333363962643338326636616661373834646232633230
31366231306339353635623334333862383163653965336639353463623635663865646366306562
33373934353438366661643661636435383466353063356230393766393266633635313736303366
64396566653331383034326437353032363564613733303636623233613734626162633563383933
39633866613632613034313632653235366330333430363239623164396636353439636634353437
36346365656234366439663337613831373838306438623432666665333932306533636233333639
38303836663431373239663564326433346262633833616363323865396363653063343766306239
62653535373538393366306437643233343031383432316261313736376164383833616532343930
64306437363034353466653735306461323938383832613432373662356335333337313262383332
62336438633133653066623561313832376561373739353839313962636236333935373030646662
36323836616561636563396464396234366164633432343931663539383634333165666132323333
39373430663163313639303337613032343638613936343061383633306639656662633239666539
62663436353662353230656336353864663261623239613065383934656535623263623866363139
65363431346534623062363463306362646438633631356161326162323863396661326537643038
64386566386531383566376162656263613963393939623738333335393764353633353531656530
36333137333964343836643234326162376339316265346238343062653838343239626265303662
31363731316261323437633834313462353737336235633662353162326232623638656363663936
31623033343635326234363164336137343861316232343361303538313034636437653836326430
61646537633961393434363561646134396237333030326433643634643731356264343632333738
64383864363730373938306664306434333235643339613833643461653463643365633630363733
35303366386532383162366266363534633132383330313565613735663334633133393936646562
36313736363938303265303330346139343264303365353839376664303962393337306635633630
34386435386132316331323566313163386235313833343839383864633461623161303936333762
39383563336236616238326632373430666237336636313462323239636337623664666535636337
37633333623030356463366637626132626363393861353866393063383862613561316662616566
35303334346466303336323532656432343761393165386530363037346331346666653234626139
61653961383634323131363562643565353439656438356539346636653637623738383338663330
31616438376338633961343364666138363134646666333634643863376634666531653236363734
37343865363061653764356532663637333137613730646432353536623631636331356663326662
62393665663065666565336563626533373731303965393435316565643532613837643732643235
38623962663166386263306631333834333833653964346565613538313330623265613666316238
32303536376338343239306261626436396437373562613535303961353336386532366533383562
65326236616332383135636164363636653330386462643937376566376639383736393732363233
39663032393235656635336635363064326463363130643230306138666135366564326634386139
35653638633663636630346336326539643739623536313164636336323034363931633737393464
61363162653730323063633431646236306131386633656335326431343661636137336335663361
64643465633665333466633266656533353161393566623937366564323432303465663731346463
61303761373935633234393663356332373136383033343064663232373430336532623231363638
35653332373038633764303566363932623964386536616666326635393664306331326237303137
31633134663766646262626530646164356533323065313265383766366261343833663838333230
38613663336363623938383938323465363530666136636533333233393430313630343163346564
35633463636364303861326133336330636465396134646534353262613866336133366432373331
36353261306337363836313762383963656136663036393464333062313033613436636331306437
63633637333164323031623164383137623437313430353439373361303862303133316230306337
35373432363337383861613234386135656138623131333933363661303361396330643031653566
38613932666430623138373234346439646434383033613336333132363933353834623966666439
62383536366536663339623437393133373337336639643263373231656362623565623038393136
31363865616339616637636639333430386637653231333961353031643566316632353036356538
63316139623732306439343265623130656663633861306330666561393038326538353238636230
37613563643338386334373937316464656165646138303734646237613264383035653938386433
39343566386331623935393962393439383664373935396132646536646466383637653437333934
36313930336337396461313234653737393136396361616164323364633664633933303935326361
63656466363138366237643430623830306235343039356437323163306136343530656336363636
38333639653566343362636236333436663538393537613034623831343735366132656133306661
66336361386334393166633838333637663735343961343533386230363336336165363236373030
62633938396435663139386130663530356663303039393434396361343762613535623435353535
30666635316134303036636436363135373664303663363631363063323861346261303430333534
37356562393135336130626566393464656533393561613862396130323561336464343766656233
33383663633638343537383936666466336235613938333639613363313161353436626335633064
32303263326235356662356333633965643666363265366262376662653433306437343739326164
34323937346335396636353863303437363231306265303862303332303262323564303037346631
37643937366334313230616265333236653930613764356665663036633337623762306531346561
66623830363737663964366563373130653362613531353361663037373361636265633537373039
62393339653431323736373266616137643632396331643436316232616465633031353738333230
37616336616362633061623839326530313038653331373466643161636533663665386631313635
37643939663832636530343464316335633837333131663166643461613761626330343561353865
34303731343962363835303332653864373161653338333030623535643937393932303337656361
35626265376530343633306537616434396337643562313036636333383462633264626364323439
38393163373336316430623735656231646436376261623634363663353132623834
